0
0
0
0
0
0
0
0
0
0
0
0
0
0
3
6
7
11
14
15
17
19
23
25
28
30
31
31
35
39
39
43
44
47
48
51
54
55
56
59
60
63
63
63
63
67
71
71
75
76
79
79
83
83
86
88
89
91
92
94
96
97
99
102
103
103
105
108
108
111
112
112
115
115
116
119
120
120
121
123
124
126
127
127
128
129
131
134
135
136
139
140
142
143
143
145
147
148
150
152
152
153
156
156
158
159
159
159
159
163
163
166
167
167
168
169
172
172
174
174
176
176
176
177
179
179
180
182
183
183
184
184
185
185
187
187
188
192
192
192
192
193
195
195
195
196
198
199
199
199
199
199
200
201
200
199
199
199
198
196
195
195
195
195
193
193
192
192
192
192
192
192
192
192
192
192
192
192
192
192
192
192
192
192
192
192
192
192
192
192
192
192
192
192
192
192
192
192
192
192
192
192
192
192
192
192
192
192
192
192
192
192
192
192
192
192
192
192
192
192
192
192
192
192
192
192
192
192
192
192
192
192
192
192
192
192
192
192
192
192
192
192
192
192
192
192
192
192
192
192
192
192
192
192
192
192
192
192
192
192
192
192
192
192
192
192
192
192
192
192
192
192
192
192
192
192
192
192
192
192
192
192
192
192
192
192
192
192
192
192
192
192
192
192
192
192
192
192
192
192
192
192
192
192
192
192
192
192
192
192
192
192
192
192
192
192
192
192
192
192
192
192
192
192
192
192
192
192
192
192
192
192
192
192
192
192
192
192
192
192
192
192
192
192
192
192
192
192
192
192
192
192
192
192
192
192
192
192
192
192
192
192
192
192
192
192
192
192
192
192
192
192
192
192
192
192
192
192
192
192
192
192
192
192
192
192
192
192
192
192
192
192
192
192
192
192
192
192
192
192
192
192
192
192
192
192
192
192
192
192
192
192
192
192
192
192
192
192
192
192
192
192
192
192
192
192
192
192
192
192
192
192
192
192
192
192
192
192
192
192
192
192
192
192
192
192
192
192
192
192
192
192
192
192
192
192
192
192
192
192
192
192
192
192
192
192
192
192
192
192
192
192
192
192
192
192
192
192
192
192
192
192
192
192
192
192
192
192
192
192
192
192
192
192
192
192
192
192
192
192
192
192
192
192
192
192
192
192
192
192
192
192
192
192
192
192
192
192
192
192
192
192
192
192
192
192
192
192
192
0
0